244.889404 275.898193 
259.736084 275.014465 
274.056305 274.163696 
288.253387 273.807770 
302.327362 272.945282 
316.262817 272.079712 
238.657944 266.179871 
253.076904 265.882874 
267.702362 265.023590 
281.848022 264.219574 
295.825287 263.882721 
309.682861 263.068298 
232.243851 257.104980 
246.908173 256.792542 
261.086609 256.005951 
275.185822 255.229095 
289.093170 254.936920 
302.947723 254.115540 
226.228775 248.073654 
240.789108 247.807007 
254.955658 247.051346 
268.925323 246.811508 
282.854584 246.037369 
296.215729 245.795013 
220.270798 239.196945 
234.774582 238.942505 
248.858734 238.237289 
262.791718 237.981598 
276.287903 237.762344 
289.962769 237.036285 
214.672012 230.829712 
228.859421 230.140747 
242.827271 229.950226 
256.677979 229.747971 
270.118469 229.059952 
283.716675 228.857437 
208.929474 222.061523 
222.960770 221.946030 
236.868561 221.771362 
250.707275 221.107666 
264.036499 220.961945 
277.319855 220.765472 
203.143585 213.959152 
217.140366 213.827301 
231.058395 213.186676 
244.794800 213.044846 
258.048737 212.924911 
271.265350 212.767334 
197.822601 205.889816 
211.724411 205.760529 
225.242676 205.199524 
238.943832 205.059174 
252.127167 204.975525 
265.247803 204.856781 

264.992493 247.272842 
278.233612 244.247650 
291.784790 241.213425 
304.760376 238.300018 
317.264771 235.848953 
330.042572 232.910965 
256.037598 237.668777 
269.678558 234.803726 
282.835876 231.889206 
295.725067 228.953232 
308.221375 226.021988 
320.969818 223.147064 
247.240402 227.933792 
260.845520 224.987946 
273.883789 222.054108 
286.861267 219.235214 
299.683685 216.894623 
311.991425 214.015076 
238.841843 218.052887 
252.073044 215.259293 
265.127686 212.919952 
278.046387 210.030930 
290.876282 207.354370 
303.180267 204.991104 
230.220245 208.924713 
243.729843 206.023544 
256.819489 203.722488 
269.690002 200.973724 
282.128967 198.262878 
294.753113 195.995453 
221.998154 199.310623 
235.195770 196.979492 
248.147919 194.224686 
261.103241 191.992325 
273.844879 189.711227 
286.068237 187.034683 
213.883835 190.115784 
227.036255 187.974915 
240.030319 185.268707 
252.886368 183.023117 
265.272430 180.927429 
277.890411 178.290634 
205.862122 181.184692 
218.975250 179.006287 
231.966202 176.889130 
244.805191 174.167114 
257.109222 172.025421 
269.699951 169.973969 
197.914993 172.790298 
210.972488 170.072510 
223.931015 168.010696 
236.807770 165.954361 
249.100983 163.878998 
261.621368 161.654007 

237.906433 187.911255 
252.949432 187.958328 
267.823730 188.012085 
282.216064 188.088623 
296.808197 188.151489 
310.911224 188.212418 
231.840134 179.181015 
246.740082 179.261826 
261.197876 179.781158 
275.828766 179.900986 
290.015930 179.991150 
304.072845 180.092621 
225.806808 170.998627 
240.397018 171.147797 
255.053879 171.224915 
269.281158 171.773392 
283.701569 171.930801 
297.409790 172.063828 
219.843719 162.921249 
234.325989 163.074982 
248.969940 163.220688 
263.071838 163.840729 
277.120697 163.983612 
291.068512 164.120438 
213.965103 154.951294 
228.706100 155.145752 
242.926712 155.270050 
256.980804 155.921158 
271.038666 156.098907 
284.809021 156.277985 
208.221390 147.059372 
222.838440 147.240387 
236.944260 147.904480 
251.059189 148.097565 
264.897766 148.295731 
278.683777 148.979050 
202.831543 139.207870 
217.013290 139.933182 
231.163132 140.143677 
245.052963 140.829285 
258.963867 141.060303 
272.392303 141.718430 
197.167130 131.978699 
211.622360 132.247070 
225.669128 132.950577 
239.291580 133.199585 
252.987167 133.918961 
266.668915 134.175613 
191.907257 124.849564 
206.066986 125.084412 
219.940140 125.848495 
233.853836 126.114197 
247.187363 126.843040 
260.774811 127.139420 

