50.826653 254.036667 
64.736107 254.795731 
78.781792 255.052673 
92.864433 255.838257 
107.061363 256.079346 
121.696442 256.844940 
57.693256 245.048813 
71.258698 245.793884 
85.129135 246.026489 
99.215744 246.765915 
113.337135 247.012604 
127.858231 247.766953 
64.136459 236.163498 
77.944626 236.924774 
91.786171 237.114792 
105.721260 237.832001 
119.795593 238.050140 
133.916809 238.744293 
70.848083 227.924149 
84.215714 228.091217 
98.000671 228.805023 
111.899948 228.996933 
125.837791 229.172058 
139.903992 229.903152 
77.085487 219.207153 
90.738541 219.896835 
104.116089 220.042404 
117.901787 220.224991 
131.831696 220.937469 
145.758759 221.071899 
83.300835 211.107117 
96.878944 211.776047 
110.152550 211.924942 
123.890732 212.063950 
137.639297 212.233032 
151.255783 212.859711 
89.687035 203.075272 
102.874176 203.691910 
116.118896 203.871902 
129.750809 203.996185 
143.132446 204.103668 
156.930130 204.717850 
95.742119 195.165222 
108.825699 195.792923 
121.998932 195.911942 
135.218796 196.003265 
148.867935 196.103851 
162.306427 196.252716 
101.404755 187.818192 
114.674919 187.900452 
127.786392 188.017517 
140.931717 188.086655 
154.185822 188.198486 
167.831467 188.773529 
54.192875 227.927567 
69.150040 225.846298 
84.138664 223.795242 
99.246506 221.666458 
114.503494 219.584366 
129.831039 217.273270 
58.088787 218.030212 
72.965614 216.018692 
87.841568 213.985291 
102.793678 211.950668 
117.849152 209.853470 
132.970688 207.748276 
61.968487 208.805893 
76.498955 206.615784 
91.174225 204.311874 
105.992844 202.209427 
120.985275 200.115768 
135.940994 198.033798 
65.715904 199.222443 
80.118011 197.128784 
94.773140 195.068726 
109.252029 193.009888 
124.063446 190.945435 
138.950119 188.871841 
69.255753 190.140381 
83.724762 188.078415 
98.034737 186.016769 
112.413559 183.955597 
127.087387 181.905930 
141.866119 179.780762 
72.855736 181.271942 
87.046516 179.149307 
101.193451 177.059082 
115.760376 175.014359 
130.076187 172.931961 
144.708038 170.847351 
76.250854 172.838638 
90.318413 170.688507 
104.549500 168.369263 
118.784065 166.190338 
133.017334 164.071121 
147.256821 161.988495 
79.839348 164.074570 
93.775352 162.030228 
107.741119 159.971619 
121.798714 157.922363 
135.951508 155.758224 
150.042252 153.367432 
83.066887 155.962036 
96.916656 153.873764 
110.823692 151.760925 
124.690178 149.354095 
138.774124 147.194901 
152.846832 145.045044 
38.000000 170.000000 
53.000000 170.000000 
66.000000 170.000000 
81.000000 171.000000 
95.000000 171.000000 
109.000000 171.000000 
46.000000 162.000000 
59.000000 162.000000 
73.000000 162.000000 
87.000000 162.000000 
102.000000 163.000000 
116.000000 163.000000 
53.000000 154.000000 
67.000000 154.000000 
80.000000 154.000000 
94.000000 154.000000 
109.000000 155.000000 
122.000000 155.000000 
59.000000 147.000000 
73.000000 147.000000 
87.000000 147.000000 
100.000000 147.000000 
114.000000 147.000000 
128.000000 147.000000 
66.000000 139.000000 
80.000000 139.000000 
93.000000 139.000000 
107.000000 139.000000 
121.000000 139.000000 
135.000000 139.000000 
73.000000 131.000000 
86.000000 131.000000 
100.000000 132.000000 
113.000000 132.000000 
127.000000 132.000000 
141.000000 132.000000 
79.000000 124.000000 
93.000000 125.000000 
106.000000 125.000000 
119.000000 125.000000 
133.000000 125.000000 
146.000000 125.000000 
86.000000 118.000000 
98.000000 118.000000 
112.000000 118.000000 
125.000000 118.000000 
139.000000 118.000000 
152.000000 118.000000 
92.000000 110.000000 
105.000000 110.000000 
118.000000 110.000000 
131.000000 110.000000 
145.000000 110.000000 
159.000000 110.000000 
