306.060944 243.958481 
293.040039 244.786148 
279.922485 245.094650 
266.656647 245.963852 
252.939240 246.794205 
239.122574 247.152985 
312.787720 251.948868 
299.678528 252.809326 
286.167175 253.176559 
272.884857 254.046082 
259.090271 254.962845 
245.184891 255.829941 
319.229095 260.030334 
306.100342 260.956146 
292.897766 261.851624 
279.146759 262.751801 
265.333374 263.160461 
251.695770 264.064087 
326.161133 268.170227 
312.926086 269.103363 
299.307922 270.061279 
285.873077 271.007721 
271.961304 271.972290 
257.952545 272.921448 
333.150208 276.964447 
319.899628 277.939148 
306.140167 278.925537 
292.631104 279.900482 
278.656433 280.866211 
264.294891 281.865173 
340.211884 285.811554 
326.944702 286.804932 
313.109467 287.849304 
299.195190 288.850372 
285.205658 289.885254 
271.028503 290.902893 
347.687836 294.204803 
334.030914 295.782654 
320.182129 296.849915 
306.211578 297.903687 
292.111298 298.954681 
277.933594 299.993286 
354.963867 303.220001 
341.258423 304.844299 
327.698792 305.934570 
313.258484 307.020477 
299.114777 308.111725 
284.846680 309.214325 
362.359161 312.874359 
348.914032 313.994904 
334.928131 315.104980 
320.842499 316.273682 
306.283600 317.921356 
291.916199 319.047516 

302 219
291 220
279 222
267 223
254 224
242 225

311 226
300 227
288 228
276 230
264 231
251 232

321 233
310 234
297 235
285 237
273 238
260 239

331 240
319 241
307 242
294 244
282 245
270 246

339 246
329 248
316 249
304 251
292 252
280 253

350 254
339 255
327 257
314 258
302 260
289 261

360 261
349 263
336 264
324 266
311 267
299 269

370 268
358 270
347 272
334 273
322 275
309 277

381 276
369 278
356 279
346 281
332 283
320 285

348.206512 200.138397 
334.887482 200.855835 
321.067963 201.068512 
307.141876 201.780914 
293.067078 202.005585 
278.902802 202.245453 
355.283325 208.147690 
341.939667 208.908890 
328.084534 209.135132 
314.044037 209.908417 
299.936859 210.136292 
285.651855 210.923080 
362.851135 216.775864 
349.050415 217.058060 
335.143524 217.840652 
321.077789 218.102737 
306.851044 218.912216 
292.228912 219.217712 
370.096863 224.999985 
356.260895 225.794739 
342.573212 226.105743 
328.242188 226.922699 
313.896759 227.250580 
299.202423 228.087616 
377.910706 233.759033 
363.975037 234.087646 
349.970520 234.969742 
335.812378 235.838455 
321.071625 236.196823 
306.262939 237.058578 
385.634521 242.167358 
371.760651 243.036453 
357.724060 243.942413 
343.087708 244.836899 
328.676971 245.246338 
313.800568 246.125443 
393.703735 251.116547 
379.578766 252.059448 
365.195984 252.986328 
350.921082 253.936996 
336.083588 254.876617 
321.139954 255.844086 
401.662659 260.225006 
387.673187 261.176239 
373.089569 262.116455 
358.767883 263.115051 
343.879639 264.071625 
328.890411 265.081024 
409.988098 269.908600 
395.876953 270.932037 
381.213623 271.919006 
366.825165 272.954254 
351.849701 273.959656 
336.765900 275.008942 

