197.604477 265.927429 
183.235535 265.119476 
169.350464 264.384033 
155.711624 263.950043 
141.913971 263.055023 
128.182190 262.299042 
191.128876 274.866852 
176.914627 274.004517 
162.878998 273.154083 
148.819092 272.731415 
135.013840 271.935486 
121.273109 271.052948 
184.729721 283.866486 
170.170700 283.007874 
156.063141 282.107910 
141.994919 281.225433 
127.985695 280.809998 
114.190865 279.931458 
178.036377 293.017517 
163.454727 292.158813 
149.095871 291.157349 
135.012985 290.298279 
120.961205 289.845764 
107.029144 288.925079 
171.229752 302.306580 
156.770767 301.811310 
142.068207 300.834595 
127.917091 299.920349 
113.750320 298.908875 
99.806595 298.004028 
164.222458 312.074615 
149.498062 311.176300 
134.995209 310.121643 
120.470184 309.231873 
106.150276 308.145294 
92.120850 307.169403 
157.185318 322.034515 
142.240021 321.022614 
127.713470 319.990143 
113.063927 319.000244 
98.740250 317.958466 
84.274788 316.970947 
150.024597 332.123779 
135.014542 331.067322 
120.090668 330.016388 
105.320488 328.992340 
90.953804 327.948029 
76.646004 326.839355 
142.687347 342.802155 
127.369225 341.719818 
112.402679 340.238403 
97.765106 339.075104 
82.982468 337.988770 
68.375214 336.925507 

178.215088 238.856888 
162.914246 238.955338 
147.676453 239.052414 
132.579636 239.129456 
117.299011 239.287186 
102.253868 239.334152 
174.091980 246.162918 
158.536423 246.533035 
143.092880 246.750977 
127.764977 246.746658 
112.378029 246.927567 
97.283493 247.014175 
169.927551 254.044632 
154.118530 254.088684 
138.520859 254.256195 
123.022278 254.218811 
107.531532 254.546234 
92.207458 254.764313 
165.752426 262.014313 
149.729797 262.048218 
133.925232 262.083252 
118.165222 262.193359 
102.640480 262.223206 
87.029716 262.261719 
161.140839 270.137024 
145.063904 270.110016 
129.100861 270.191193 
113.108040 270.188019 
97.345543 270.304108 
81.759422 270.257263 
156.804840 278.672272 
140.405975 278.426483 
124.131348 278.767883 
108.005112 278.751221 
92.066353 278.826691 
76.202316 278.444977 
152.047638 287.057312 
135.685638 287.079651 
119.124123 287.114105 
102.886368 287.079224 
86.679932 287.073639 
70.684868 287.069977 
147.208450 295.962860 
130.624252 295.905640 
114.001472 295.964142 
97.530128 295.852966 
81.056786 295.931305 
64.744759 295.809784 
142.329391 305.080933 
125.354919 304.991211 
108.703468 304.907104 
91.990044 304.950806 
75.412903 304.784851 
58.948345 304.894440

174.016602 221.126617 
159.113800 220.849197 
144.514069 220.280518 
130.027451 219.909943 
115.602837 219.442902 
101.371735 218.974960 
166.912369 230.091248 
151.802963 229.758987 
137.040741 229.057709 
122.363655 228.589111 
108.009117 228.053482 
93.679810 227.714371 
159.472687 239.337479 
144.224670 238.909775 
129.396484 238.231018 
114.811996 237.859451 
100.050087 237.050385 
85.839119 236.779572 
151.957642 248.928314 
136.634445 248.190735 
121.771736 247.756332 
106.789742 246.897202 
92.045959 246.130615 
77.477348 245.676086 
144.232773 258.318695 
128.892838 257.913147 
113.687943 257.008179 
98.745697 256.197998 
83.797920 255.778610 
69.125572 255.012924 
136.194138 268.191071 
120.739082 267.709991 
105.316048 266.936066 
90.202126 266.083344 
75.233040 265.147614 
60.607113 264.668060 
128.215027 278.333832 
112.402405 277.871002 
97.038338 276.914215 
81.882607 276.020935 
66.825577 275.124176 
51.928802 274.226990 
119.958748 288.995636 
104.078049 288.039276 
88.669128 287.063995 
73.085670 286.142365 
57.953663 285.185547 
42.795559 284.572083 
111.393555 299.658997 
95.322075 298.859894 
79.722252 297.763672 
64.117912 296.857513 
48.851158 295.810760 
33.833115 294.934875 


