   2.3471396e+02   1.5969101e+02  -1.4858138e+00
   2.3636023e+02   2.0969961e+02  -1.3645264e+00
   2.3796762e+02   2.5885612e+02  -6.6161348e-01
   2.3995500e+02   3.0789463e+02  -1.4583066e+00
   2.4148754e+02   3.5750111e+02  -9.6120570e-01
   2.4360491e+02   4.0734215e+02  -5.9528998e-01
   1.8422355e+02   1.6069157e+02  -1.3211322e+00
   1.8654196e+02   2.0987897e+02  -1.7327298e+00
   1.8872035e+02   2.5966214e+02  -8.5948649e-01
   1.8996679e+02   3.0910839e+02  -1.1405619e+00
   1.9187755e+02   3.5856210e+02  -1.2397582e+00
   1.9376028e+02   4.0842421e+02  -1.2391858e+00
   1.3470505e+02   1.6125150e+02  -1.4866645e+00
   1.3677757e+02   2.1120910e+02  -1.8492490e+00
   1.3796383e+02   2.6044510e+02  -1.4210256e+00
   1.4000492e+02   3.1019661e+02  -1.4675624e+00
   1.4198236e+02   3.5959606e+02  -1.3871418e+00
   1.4381515e+02   4.0889677e+02  -1.0986211e+00
   8.5156560e+01   1.6229369e+02  -1.6664072e+00
   8.7043185e+01   2.1179361e+02  -1.4662695e+00
   8.8998516e+01   2.6163055e+02  -1.5014125e+00
   9.0674425e+01   3.1082207e+02  -1.5257788e+00
   9.1875088e+01   3.6041781e+02  -1.3837887e+00
   9.4137711e+01   4.0960857e+02  -1.8624504e+00
   3.4866706e+01   1.6301853e+02  -1.5588321e+00
   3.6817423e+01   2.1267890e+02  -2.2840712e+00
   3.8387009e+01   2.6238910e+02  -1.7205740e+00
   4.0154237e+01   3.1158602e+02  -1.6649023e+00
   4.2495948e+01   3.6097959e+02  -2.1399669e+00
   4.4307916e+01   4.1064876e+02  -1.6889380e+00
  -1.4651870e+01   1.6410188e+02  -2.1483382e+00
  -1.3100164e+01   2.1375450e+02  -2.2028247e+00
  -1.0847072e+01   2.6309947e+02  -2.1400270e+00
  -9.0430637e+00   3.1281938e+02  -2.1489944e+00
  -7.6313387e+00   3.6214769e+02  -1.6563500e+00
  -4.8441222e+00   4.1134894e+02  -1.8362019e+00
  -6.4691350e+01   1.6486055e+02  -1.7792609e+00
  -6.2731853e+01   2.1452303e+02  -2.6329084e+00
  -6.0468224e+01   2.6381984e+02  -2.6423437e+00
  -5.9003635e+01   3.1366610e+02  -2.1318328e+00
  -5.6922435e+01   3.6254039e+02  -2.0292323e+00
  -5.4765446e+01   4.1197022e+02  -2.2640870e+00
  -1.1427702e+02   1.6553616e+02  -2.1946349e+00
  -1.1224101e+02   2.1517551e+02  -3.0075608e+00
  -1.1082806e+02   2.6455179e+02  -2.2874573e+00
  -1.0839630e+02   3.1430679e+02  -2.1893829e+00
  -1.0653830e+02   3.6345005e+02  -2.2581678e+00
  -1.0435177e+02   4.1238389e+02  -2.0489432e+00
  -1.6375811e+02   1.6641397e+02  -3.2256335e+00
  -1.6231534e+02   2.1602184e+02  -3.0410318e+00
  -1.6043291e+02   2.6537658e+02  -2.3542324e+00
  -1.5809858e+02   3.1466231e+02  -2.0976869e+00
  -1.5635977e+02   3.6410390e+02  -2.4712452e+00
  -1.5409045e+02   4.1350590e+02  -2.7681631e+00
   2.3153644e+02   2.0099840e+02   9.5401897e+01
   2.2361773e+02   2.4893462e+02   9.8666146e+01
   2.1585661e+02   2.9816581e+02   1.0104090e+02
   2.0875036e+02   3.4662339e+02   1.0419832e+02
   2.0225828e+02   3.9573094e+02   1.0662358e+02
   1.9482643e+02   4.4400805e+02   1.1026589e+02
   1.8229996e+02   1.9278305e+02   9.8526729e+01
   1.7454654e+02   2.4116612e+02   1.0168864e+02
   1.6743156e+02   2.8990656e+02   1.0470616e+02
   1.5940687e+02   3.3855457e+02   1.0716495e+02
   1.5177034e+02   3.8671930e+02   1.1042853e+02
   1.4537096e+02   4.3574802e+02   1.1361810e+02
   1.3237114e+02   1.8388998e+02   1.0158128e+02
   1.2471141e+02   2.3217540e+02   1.0542297e+02
   1.1810113e+02   2.8159529e+02   1.0848337e+02
   1.1019325e+02   3.3030973e+02   1.1110687e+02
   1.0321921e+02   3.7866762e+02   1.1398909e+02
   9.6359887e+01   4.2732410e+02   1.1705695e+02
   8.2240408e+01   1.7522818e+02   1.0555544e+02
   7.5335542e+01   2.2408556e+02   1.0887504e+02
   6.8743056e+01   2.7273201e+02   1.1181096e+02
   6.1492548e+01   3.2215594e+02   1.1423531e+02
   5.4588066e+01   3.7047723e+02   1.1770217e+02
   4.7518811e+01   4.1834168e+02   1.2093362e+02
   3.5441161e+01   1.6796475e+02   1.0906064e+02
   2.6113546e+01   2.1568990e+02   1.1246994e+02
   2.0482097e+01   2.6500140e+02   1.1522147e+02
   1.2613024e+01   3.1358491e+02   1.1807847e+02
   5.3013709e+00   3.6160360e+02   1.2149526e+02
  -1.2854338e+00   4.0962459e+02   1.2492440e+02
  -1.5770322e+01   1.5878318e+02   1.1228425e+02
  -2.2901722e+01   2.0680049e+02   1.1602717e+02
  -3.1014646e+01   2.5544204e+02   1.1865899e+02
  -3.6808300e+01   3.0494298e+02   1.2157888e+02
  -4.4237618e+01   3.5316129e+02   1.2424406e+02
  -5.0551967e+01   4.0184639e+02   1.2792246e+02
  -6.4283337e+01   1.5050956e+02   1.1600309e+02
  -7.2285166e+01   1.9845925e+02   1.1867462e+02
  -7.8809965e+01   2.4805816e+02   1.2224806e+02
  -8.6272493e+01   2.9657604e+02   1.2500675e+02
  -9.2201392e+01   3.4518653e+02   1.2805449e+02
  -9.9870486e+01   3.9325934e+02   1.3135467e+02
  -1.1332644e+02   1.4241261e+02   1.1978132e+02
  -1.2043619e+02   1.9120298e+02   1.2224551e+02
  -1.2843417e+02   2.3908044e+02   1.2511532e+02
  -1.3446159e+02   2.8828847e+02   1.2881988e+02
  -1.4228963e+02   3.3629651e+02   1.3155588e+02
  -1.4896221e+02   3.8513366e+02   1.3455512e+02
  -1.6270740e+02   1.3343163e+02   1.2250117e+02
  -1.7045904e+02   1.8244092e+02   1.2564272e+02
  -1.7586695e+02   2.3164682e+02   1.2876659e+02
  -1.8479868e+02   2.7850093e+02   1.3250174e+02
  -1.9087001e+02   3.2811957e+02   1.3478681e+02
  -1.9841617e+02   3.7619808e+02   1.3794277e+02
   1.0709080e+02   1.2722266e+02   2.2820374e+02
   1.0774254e+02   1.7763549e+02   2.2739944e+02
   1.1104654e+02   2.2625897e+02   2.2781982e+02
   1.1318349e+02   2.7646928e+02   2.2620489e+02
   1.1589710e+02   3.2578809e+02   2.2640546e+02
   1.1846559e+02   3.7457235e+02   2.2655345e+02
   5.6678139e+01   1.2939527e+02   2.2771410e+02
   5.8629245e+01   1.7811086e+02   2.2761060e+02
   6.1421520e+01   2.2735830e+02   2.2731015e+02
   6.3496830e+01   2.7700292e+02   2.2691473e+02
   6.6397929e+01   3.2702087e+02   2.2585371e+02
   6.8421448e+01   3.7604613e+02   2.2544035e+02
   6.1484041e+00   1.3056915e+02   2.2710468e+02
   8.0948891e+00   1.8031462e+02   2.2684741e+02
   1.0822453e+01   2.2912010e+02   2.2686950e+02
   1.3533180e+01   2.7817524e+02   2.2630838e+02
   1.6210124e+01   3.2898974e+02   2.2509525e+02
   1.9414649e+01   3.7685356e+02   2.2507354e+02
  -4.2107828e+01   1.3120485e+02   2.2635045e+02
  -4.0471068e+01   1.8108874e+02   2.2588399e+02
  -3.8306742e+01   2.3053167e+02   2.2579457e+02
  -3.5065341e+01   2.7922874e+02   2.2542895e+02
  -3.2434280e+01   3.2860837e+02   2.2553948e+02
  -3.0203926e+01   3.7809602e+02   2.2508240e+02
  -9.2744693e+01   1.3251716e+02   2.2634089e+02
  -9.0600453e+01   1.8260704e+02   2.2605398e+02
  -8.8110918e+01   2.3141653e+02   2.2606988e+02
  -8.5719696e+01   2.8085560e+02   2.2528942e+02
  -8.3130660e+01   3.3068985e+02   2.2506076e+02
  -8.0696454e+01   3.8023876e+02   2.2471390e+02
  -1.4324381e+02   1.3413144e+02   2.2670695e+02
  -1.4097279e+02   1.8331713e+02   2.2644709e+02
  -1.3799511e+02   2.3320962e+02   2.2472716e+02
  -1.3497334e+02   2.8234171e+02   2.2462347e+02
  -1.3239238e+02   3.3180243e+02   2.2472750e+02
  -1.2959041e+02   3.8128427e+02   2.2373740e+02
  -1.9251085e+02   1.3501056e+02   2.2655803e+02
  -1.8985185e+02   1.8527300e+02   2.2442848e+02
  -1.8704815e+02   2.3443983e+02   2.2430433e+02
  -1.8400500e+02   2.8304139e+02   2.2382499e+02
  -1.8155453e+02   3.3309450e+02   2.2341907e+02
  -1.7821598e+02   3.8156650e+02   2.2294885e+02
  -2.4159254e+02   1.3687267e+02   2.2450493e+02
  -2.3836256e+02   1.8539224e+02   2.2483976e+02
  -2.3574974e+02   2.3557660e+02   2.2385580e+02
  -2.3349544e+02   2.8433953e+02   2.2374576e+02
  -2.3068903e+02   3.3423091e+02   2.2287847e+02
  -2.2785563e+02   3.8319117e+02   2.2271142e+02
  -2.9224748e+02   1.3794820e+02   2.2480207e+02
  -2.9014717e+02   1.8740093e+02   2.2456012e+02
  -2.8680982e+02   2.3662967e+02   2.2389328e+02
  -2.8426859e+02   2.8575108e+02   2.2383440e+02
  -2.8166845e+02   3.3548745e+02   2.2285213e+02
  -2.7916824e+02   3.8542363e+02   2.2234152e+02
